<?xml version="1.0" encoding="UTF-8" standalone="no"?>
<!DOCTYPE svg PUBLIC "-//W3C//DTD SVG 20010904//EN"
              "http://www.w3.org/TR/2001/REC-SVG-20010904/DTD/svg10.dtd">

<svg xmlns="http://www.w3.org/2000/svg"
     width="1.5in" height="0.958333in"
     viewBox="0 0 108 69">
  <path id="camera"
        fill="#555" stroke="none" stroke-width="0"
        d="M 58.00,3.00
           C 60.96,3.00 66.39,2.74 69.00,3.74
             74.34,5.79 75.89,10.90 79.21,12.83
             81.45,14.13 84.48,13.99 87.00,14.00
             92.00,14.02 101.15,12.48 103.40,18.06
             104.11,19.82 104.00,23.05 104.00,25.00
             104.00,25.00 104.00,55.00 104.00,55.00
             103.99,57.77 104.29,61.44 102.40,63.69
             100.13,66.38 96.18,65.99 93.00,66.00
             93.00,66.00 24.00,66.00 24.00,66.00
             18.92,66.00 5.80,67.55 3.02,62.85
             1.81,60.80 2.00,57.35 2.00,55.00
             2.00,55.00 2.00,23.00 2.00,23.00
             2.28,7.77 17.15,16.94 25.90,13.26
             29.97,11.55 30.20,7.32 37.00,3.74
             42.46,2.42 52.05,3.00 58.00,3.00 Z"/>
    <path id="ar1"
        fill="#fff" stroke="none" stroke-width="0"
        d="M 61.88,55.38
           C 40.60,53.92 34.64,38.00 34.64,38.00
             34.64,38.00 39.09,37.91 39.09,37.91
             39.09,37.91 31.73,31.00 31.73,31.00
             31.73,31.00 23.91,38.00 23.91,38.00
             23.91,38.00 29.18,38.27 29.27,38.45
             37.09,61.28 62.00,60.00 62.00,60.00
             62.00,60.00 61.88,55.25 61.88,55.25"/>
    <path id="ar2"
        fill="#fff" stroke="none" stroke-width="0"
        d="M 77.27,41.00
           C 67.91,15.00 44.09,17.18 44.09,17.18
             44.09,17.18 44.09,21.00 44.36,21.00
             69.27,24.82 70.82,40.82 70.82,40.82
             70.82,40.82 67.73,41.18 67.73,41.18
             67.73,41.18 74.73,47.82 74.73,47.82
             74.73,47.82 81.55,40.82 81.09,40.91
             80.64,41.00 77.36,41.09 77.36,41.09"/>
</svg>
