<?xml version="1.0" encoding="UTF-8" standalone="no"?>
<!DOCTYPE svg PUBLIC "-//W3C//DTD SVG 20010904//EN"
              "http://www.w3.org/TR/2001/REC-SVG-20010904/DTD/svg10.dtd">

<svg xmlns="http://www.w3.org/2000/svg"
     width="13.8889in" height="11.1111in"
     viewBox="0 0 1000 800">
  <path id="Unnamed"
        fill="none" stroke="black" stroke-width="1"
        d="M 449.50,400.00
           C 449.00,400.00 384.50,338.00 371.50,313.50
             358.50,289.00 340.00,245.00 329.00,236.00
             318.00,227.00 292.50,223.50 270.00,208.00
             258.50,201.00 240.50,209.00 227.00,209.00
             213.50,209.00 191.50,213.00 190.00,218.00
             188.50,223.00 192.00,224.50 197.00,226.00
             202.00,227.50 201.00,230.50 201.00,234.00
             201.00,237.50 196.50,243.00 201.00,245.50
             205.50,248.00 207.00,252.50 205.50,255.50
             204.00,258.50 223.50,273.00 236.50,278.00
             249.50,283.00 266.00,281.00 271.00,287.50
             276.00,294.00 280.50,298.00 277.50,304.00
             274.50,310.00 239.00,312.50 231.00,312.50
             223.00,312.50 201.50,306.50 194.00,308.00
             186.50,309.50 182.50,315.50 184.00,321.00
             185.50,326.50 188.50,327.50 197.50,330.50
             206.50,333.50 222.50,334.00 227.50,338.00
             232.50,342.00 264.00,341.00 273.50,346.50
             283.00,352.00 294.50,355.50 297.00,361.50
             299.50,367.50 325.00,375.50 331.00,378.50
             335.00,382.00 342.72,383.01 354.50,392.50
             358.50,400.50 368.50,408.00 372.00,422.50
             375.50,437.00 422.00,524.00 444.50,548.00
             467.00,572.00 467.50,597.00 453.50,607.50
             439.50,618.00 346.50,632.00 319.50,641.50
             292.50,651.00 349.50,771.50 384.00,772.50
             418.50,773.50 580.50,755.00 584.00,698.50
             587.50,642.00 616.00,573.50 597.50,558.50
             579.00,543.50 475.50,415.00 465.00,407.50
             454.50,400.00 475.00,412.00 461.50,406.00M 426.00,524.00" />
</svg>
