<?xml version="1.0" encoding="UTF-8" standalone="no"?>
<!DOCTYPE svg PUBLIC "-//W3C//DTD SVG 20010904//EN"
              "http://www.w3.org/TR/2001/REC-SVG-20010904/DTD/svg10.dtd">

<svg xmlns="http://www.w3.org/2000/svg"
     width="6.19444in" height="6in"
     viewBox="0 0 446 432">
  <path id="Unnamed#1"
        fill="none" stroke="black" stroke-width="1"
        d="M 284.00,35.33
           C 286.67,33.00 289.00,31.67 291.33,30.00
             293.67,28.33 291.67,27.00 288.67,25.33
             285.67,23.67 275.00,17.00 272.67,15.33
             270.33,13.67 250.33,4.00 242.67,4.00
             235.00,4.00 207.00,12.67 201.00,13.00
             180.00,14.67 179.67,28.67 176.67,48.33
             173.67,68.00 169.00,90.33 161.33,97.00
             155.00,103.67 151.00,110.00 147.00,120.67
             143.00,131.33 122.67,191.00 115.33,201.33
             108.00,211.67 101.33,236.33 86.00,249.00
             79.33,256.33 72.33,275.33 61.67,286.67
             51.00,298.00 53.33,314.33 48.67,324.67
             44.00,335.00 11.33,417.67 1.33,428.33
             1.33,429.00 96.67,431.00 96.67,431.00
             96.67,431.00 109.67,389.33 116.00,369.33
             122.33,349.33 144.67,307.67 149.00,301.67
             153.33,295.67 172.67,278.00 176.67,274.33
             180.67,270.67 199.67,262.67 206.00,257.67
             212.33,252.67 240.67,226.33 248.67,223.00
             256.67,219.67 252.67,220.67 261.33,213.67
             270.00,206.67 289.67,195.00 295.67,193.67
             301.67,192.33 321.33,191.67 325.00,189.33
             328.67,187.00 356.67,175.83 359.00,172.50
             358.00,164.00 361.67,163.33 359.00,160.67
             356.33,158.00 349.83,157.00 346.50,157.00
             343.17,157.00 338.67,154.17 329.00,154.50
             319.33,154.83 310.00,153.00 282.00,157.50
             255.00,169.17 248.67,169.33 240.00,167.33
             231.33,165.33 223.33,163.33 222.33,158.33
             221.33,153.33 212.00,143.00 211.00,126.00
             210.00,109.00 210.33,94.33 207.00,84.00
             211.00,75.50 213.50,60.00 213.50,49.00
             213.50,38.00 227.50,38.50 236.00,36.00
             244.50,33.50 239.00,26.50 243.00,29.00
             247.00,31.50 268.50,39.50 283.00,35.50M 359.00,152.50" />
</svg>
