<?xml version="1.0" encoding="UTF-8" standalone="no"?>
<!DOCTYPE svg PUBLIC "-//W3C//DTD SVG 20010904//EN"
              "http://www.w3.org/TR/2001/REC-SVG-20010904/DTD/svg10.dtd">

<svg xmlns="http://www.w3.org/2000/svg"
     width="0.985988in" height="9.72101in"
     viewBox="0 0 71 700">
  <path id="Selection"
        fill="none" stroke="black" stroke-width="1"
        d="M 41.00,0.00
           C 41.00,0.00 42.00,19.00 42.00,19.00
             42.00,19.00 43.00,54.00 43.00,54.00
             43.00,54.00 44.00,69.00 44.00,69.00
             44.00,69.00 46.00,121.00 46.00,121.00
             46.00,121.00 47.00,136.00 47.00,136.00
             47.00,136.00 48.00,159.00 48.00,159.00
             48.00,159.00 50.00,213.00 50.00,213.00
             50.00,213.00 51.00,223.00 51.00,223.00
             51.00,223.00 51.00,234.00 51.00,234.00
             51.00,234.00 52.00,246.00 52.00,246.00
             52.00,246.00 52.00,261.00 52.00,261.00
             52.00,261.00 53.00,276.00 53.00,276.00
             53.00,276.00 54.00,304.00 54.00,304.00
             54.00,304.00 55.00,320.00 55.00,320.00
             55.00,320.00 56.00,336.00 56.00,336.00
             56.00,336.00 56.00,351.00 56.00,351.00
             56.00,351.00 57.00,366.00 57.00,366.00
             57.00,366.00 57.00,373.00 57.00,373.00
             57.00,373.00 58.00,389.00 58.00,389.00
             58.00,389.00 59.00,415.00 59.00,415.00
             59.00,415.00 60.00,431.00 60.00,431.00
             60.00,431.00 60.00,442.00 60.00,442.00
             60.00,442.00 61.00,456.00 61.00,456.00
             61.00,456.00 62.00,490.00 62.00,490.00
             62.00,490.00 63.00,503.00 63.00,503.00
             63.00,503.00 64.00,531.00 64.00,531.00
             64.00,531.00 65.04,548.00 65.04,548.00
             65.04,548.00 65.04,561.00 65.04,561.00
             65.04,561.00 66.00,573.00 66.00,573.00
             66.00,573.00 68.00,624.00 68.00,624.00
             68.00,624.00 69.00,639.00 69.00,639.00
             69.00,639.00 71.00,700.00 71.00,700.00
             71.00,700.00 1.00,700.00 1.00,700.00
             1.00,700.00 2.00,679.00 2.00,679.00
             2.00,679.00 3.00,656.00 3.00,656.00
             3.00,656.00 4.00,636.00 4.00,636.00
             4.00,636.00 4.00,623.00 4.00,623.00
             4.00,623.00 5.00,610.00 5.00,610.00
             5.00,610.00 6.00,581.00 6.00,581.00
             6.00,581.00 7.00,566.00 7.00,566.00
             7.00,566.00 8.00,543.00 8.00,543.00
             8.00,543.00 9.00,510.00 9.00,510.00
             9.00,510.00 10.00,489.00 10.00,489.00
             10.00,489.00 11.00,475.00 11.00,475.00
             11.00,475.00 12.00,443.00 12.00,443.00
             12.00,443.00 13.00,427.00 13.00,427.00
             13.00,427.00 16.00,353.00 16.00,353.00
             16.00,353.00 17.00,338.00 17.00,338.00
             17.00,338.00 17.00,325.00 17.00,325.00
             17.00,325.00 18.00,310.00 18.00,310.00
             18.00,310.00 19.00,283.00 19.00,283.00
             19.00,283.00 20.00,266.00 20.00,266.00
             20.00,266.00 21.00,247.00 21.00,247.00
             21.00,247.00 21.00,232.00 21.00,232.00
             21.00,232.00 22.00,217.00 22.00,217.00
             22.00,217.00 22.98,202.00 22.98,202.00
             22.98,202.00 22.98,189.00 22.98,189.00
             22.98,189.00 24.00,179.00 24.00,179.00
             24.00,179.00 24.00,168.00 24.00,168.00
             24.00,168.00 25.04,156.00 25.04,156.00
             25.04,156.00 25.04,141.00 25.04,141.00
             25.04,141.00 26.00,129.00 26.00,129.00
             26.00,129.00 27.00,106.00 27.00,106.00
             27.00,106.00 29.00,54.00 29.00,54.00
             29.00,54.00 30.00,39.00 30.00,39.00
             30.00,39.00 31.00,0.00 31.00,0.00
             31.00,0.00 41.00,0.00 41.00,0.00 Z" />
</svg>
