<?xml version="1.0" encoding="UTF-8" standalone="no"?>
<!DOCTYPE svg PUBLIC "-//W3C//DTD SVG 20010904//EN"
              "http://www.w3.org/TR/2001/REC-SVG-20010904/DTD/svg10.dtd">

<svg xmlns="http://www.w3.org/2000/svg"
     width="13.8889in" height="11.1111in"
     viewBox="0 0 1000 800">
  <path id="Unnamed#1"
        fill="none" stroke="black" stroke-width="1"
        d="M 663.67,347.67
           C 663.67,347.67 679.33,305.67 674.00,296.33
             668.67,287.00 671.00,287.33 671.00,287.33
             671.00,287.33 686.00,238.00 674.00,211.67
             662.00,193.33 657.67,195.67 650.00,194.00
             642.33,192.33 640.67,189.00 634.00,192.33
             627.33,195.67 614.67,201.33 604.67,223.33
             594.67,245.33 600.33,250.67 597.67,259.67
             595.00,268.67 592.67,270.67 589.00,271.67
             585.33,272.67 581.67,276.33 580.33,276.33
             579.00,276.33 585.67,267.00 587.67,263.67
             589.67,260.33 597.00,249.67 596.33,244.00
             595.67,238.33 596.33,237.00 595.33,229.00
             594.33,221.00 591.67,216.00 588.67,207.67
             585.67,199.33 577.67,192.67 575.33,190.00
             573.00,187.33 565.33,183.33 561.00,182.00
             556.67,180.67 550.00,180.67 546.33,182.00
             542.67,183.33 536.00,188.33 533.33,190.00
             531.67,190.67 525.67,193.33 522.00,200.33
             518.33,207.33 512.67,225.00 512.67,238.67
             512.67,252.33 516.67,272.33 516.67,275.33
             515.00,276.67 498.33,284.67 493.00,288.67
             487.67,292.67 469.00,303.67 463.00,316.33
             461.33,322.00 461.33,323.00 455.67,325.67
             450.00,328.33 436.00,336.33 428.00,337.00
             420.00,337.67 423.67,380.33 432.00,380.00
             440.33,379.67 467.00,367.33 470.33,362.33
             473.67,357.33 487.00,346.33 488.67,348.33
             490.33,350.33 487.33,359.67 486.00,361.33
             484.67,363.00 481.67,363.00 481.00,365.33
             480.33,367.67 479.00,371.33 477.67,373.67
             476.33,376.00 430.00,493.67 438.33,497.33
             446.67,501.00 562.00,531.67 566.00,511.67
             570.00,491.67 555.00,469.33 560.33,457.33
             565.67,445.33 565.33,426.33 565.67,420.67
             566.00,415.00 561.00,407.33 561.33,403.67
             561.67,400.00 564.00,393.33 565.00,390.00
             566.00,386.67 569.33,376.33 572.33,374.67
             575.33,373.00 584.67,362.33 585.00,364.67
             585.33,367.00 587.00,370.33 586.00,375.67
             585.00,381.00 586.67,392.00 587.67,396.00
             588.67,400.00 587.67,412.67 588.00,414.67
             588.33,416.67 573.67,509.67 579.00,514.33
             584.33,519.00 667.33,526.67 674.00,515.00
             680.67,503.33 682.00,445.33 682.33,439.00
             682.67,432.67 675.33,417.67 674.33,414.67
             673.33,411.67 662.00,397.00 661.00,394.33
             660.00,391.67 662.33,394.00 661.67,391.00
             661.00,388.00 655.67,389.67 657.67,387.67
             659.67,385.67 660.67,380.67 659.00,379.33
             657.33,378.00 655.33,376.00 663.00,348.00" />
</svg>
