<?xml version="1.0" encoding="UTF-8" standalone="no"?>
<!DOCTYPE svg PUBLIC "-//W3C//DTD SVG 20010904//EN"
              "http://www.w3.org/TR/2001/REC-SVG-20010904/DTD/svg10.dtd">

<svg xmlns="http://www.w3.org/2000/svg"
     width="1.24984in" height="1.24984in"
     viewBox="0 0 90 90">
  <path id="Selection"
        fill="none" stroke="black" stroke-width="1"
        d="M 90.00,0.00
           C 90.00,0.00 90.00,90.00 90.00,90.00
             90.00,90.00 0.00,90.00 0.00,90.00
             0.00,90.00 0.00,0.00 0.00,0.00
             0.00,0.00 90.00,0.00 90.00,0.00 Z
           M 2.00,2.00
           C 2.00,2.00 2.00,44.00 2.00,44.00
             2.00,44.00 9.00,44.00 9.00,44.00
             9.00,44.00 9.00,46.00 9.00,46.00
             9.00,46.00 2.00,46.00 2.00,46.00
             2.00,46.00 2.00,88.00 2.00,88.00
             2.00,88.00 44.00,88.00 44.00,88.00
             44.00,88.00 44.00,81.00 44.00,81.00
             44.00,81.00 46.00,81.00 46.00,81.00
             46.00,81.00 46.00,88.00 46.00,88.00
             46.00,88.00 88.00,88.00 88.00,88.00
             88.00,88.00 88.00,46.00 88.00,46.00
             88.00,46.00 81.00,46.00 81.00,46.00
             81.00,46.00 81.00,44.00 81.00,44.00
             81.00,44.00 88.00,44.00 88.00,44.00
             88.00,44.00 88.00,2.00 88.00,2.00
             88.00,2.00 46.00,2.00 46.00,2.00
             46.00,2.00 46.00,9.00 46.00,9.00
             46.00,9.00 44.00,9.00 44.00,9.00
             44.00,9.00 44.00,2.00 44.00,2.00
             44.00,2.00 2.00,2.00 2.00,2.00 Z" />
</svg>
