<?xml version="1.0" encoding="UTF-8" standalone="no"?>
<!DOCTYPE svg PUBLIC "-//W3C//DTD SVG 20010904//EN"
              "http://www.w3.org/TR/2001/REC-SVG-20010904/DTD/svg10.dtd">

<svg xmlns="http://www.w3.org/2000/svg"
     width="5.55682in" height="3.02847in"
     viewBox="0 0 400 218">
  <path id="Selection"
        fill="none" stroke="black" stroke-width="1"
        d="M 204.00,77.00
           C 206.96,77.00 212.39,76.74 215.00,77.74
             220.34,79.79 221.89,84.90 225.21,86.83
             227.45,88.13 230.48,87.99 233.00,88.00
             238.00,88.02 247.15,86.48 249.40,92.06
             250.11,93.82 250.00,97.05 250.00,99.00
             250.00,99.00 250.00,129.00 250.00,129.00
             249.99,131.77 250.29,135.44 248.40,137.69
             246.13,140.38 242.18,139.99 239.00,140.00
             239.00,140.00 170.00,140.00 170.00,140.00
             164.92,140.00 151.80,141.55 149.02,136.85
             147.81,134.80 148.00,131.35 148.00,129.00
             148.00,129.00 148.00,97.00 148.00,97.00
             148.28,81.77 163.15,90.94 171.90,87.26
             175.97,85.55 176.20,81.32 183.00,77.74
             188.46,76.42 198.05,77.00 204.00,77.00 Z
           M 214.91,100.18
           C 208.05,93.65 199.92,91.79 191.00,90.00
             191.00,90.00 190.00,96.00 190.00,96.00
             202.54,97.06 210.92,103.19 217.00,114.00
             217.00,114.00 213.00,115.00 213.00,115.00
             218.94,123.19 222.06,123.19 228.00,115.00
             219.85,111.14 221.95,106.89 214.91,100.18 Z
           M 170.00,112.00
           C 177.59,114.28 176.75,119.41 182.18,124.70
             189.41,131.74 198.24,133.97 208.00,134.00
             208.00,134.00 208.00,129.00 208.00,129.00
             194.83,127.89 188.25,122.73 181.00,112.00
             181.00,112.00 186.00,111.00 186.00,111.00
             186.00,111.00 179.00,104.00 179.00,104.00
             174.87,105.94 172.25,107.99 170.00,112.00 Z" />
</svg>
