<?xml version="1.0" encoding="UTF-8" standalone="no"?>
<!DOCTYPE svg PUBLIC "-//W3C//DTD SVG 20010904//EN"
              "http://www.w3.org/TR/2001/REC-SVG-20010904/DTD/svg10.dtd">

<svg xmlns="http://www.w3.org/2000/svg"
     width="2.08333in" height="2.08333in"
     viewBox="0 0 150 150">
  <path id="timer"
        fill="#555" stroke="none"
        d="M 87.04,57.00
           C 101.02,66.27 100.76,86.52 86.00,94.91
             82.27,97.03 78.41,97.23 74.25,97.13
             61.38,96.09 53.04,86.88 53.35,74.30
             53.51,67.53 55.88,64.88 60.38,60.19
             65.14,64.95 75.38,75.00 75.46,75.16
             75.47,75.16 74.57,76.08 74.59,76.09
             74.62,76.03 60.31,62.28 60.31,62.22
             54.75,67.09 54.88,73.88 55.10,77.00
             55.82,87.39 65.13,96.06 76.97,95.81
             87.36,95.09 96.28,86.53 95.72,74.00
             94.70,62.96 86.00,55.50 75.00,55.28
             75.00,55.28 75.00,59.00 75.00,59.00
             75.00,59.00 73.62,59.00 73.62,59.00
             73.56,58.89 73.58,54.02 73.58,54.02
             78.74,54.03 82.50,53.99 87.04,57.00 Z" />
</svg>
